0 0 yuv/src01_640x480_hrc00.yuv yuv/src01_640x480_hrc03.yuv 0.9755 640 480 250
0 0 yuv/src01_640x480_hrc00.yuv yuv/src01_640x480_hrc08.yuv 0.8691 640 480 250
0 0 yuv/src01_640x480_hrc00.yuv yuv/src01_640x480_hrc09.yuv 0.5991 640 480 250
0 0 yuv/src01_640x480_hrc00.yuv yuv/src01_640x480_hrc15.yuv 0.2800 640 480 250
1 0 yuv/src02_640x480_hrc00.yuv yuv/src02_640x480_hrc02.yuv 0.9673 640 480 250
1 0 yuv/src02_640x480_hrc00.yuv yuv/src02_640x480_hrc08.yuv 0.6318 640 480 250
1 0 yuv/src02_640x480_hrc00.yuv yuv/src02_640x480_hrc10.yuv 0.2636 640 480 250
1 0 yuv/src02_640x480_hrc00.yuv yuv/src02_640x480_hrc18.yuv 0.4273 640 480 250
2 0 yuv/src03_640x480_hrc00.yuv yuv/src03_640x480_hrc04.yuv 0.7382 640 480 250
2 0 yuv/src03_640x480_hrc00.yuv yuv/src03_640x480_hrc06.yuv 0.9345 640 480 250
2 0 yuv/src03_640x480_hrc00.yuv yuv/src03_640x480_hrc15.yuv 0.2882 640 480 250
2 0 yuv/src03_640x480_hrc00.yuv yuv/src03_640x480_hrc17.yuv 0.4109 640 480 250
3 0 yuv/src04_640x480_hrc00.yuv yuv/src04_640x480_hrc06.yuv 0.9100 640 480 250
3 0 yuv/src04_640x480_hrc00.yuv yuv/src04_640x480_hrc15.yuv 0.2718 640 480 250
3 0 yuv/src04_640x480_hrc00.yuv yuv/src04_640x480_hrc16.yuv 0.6564 640 480 250
3 0 yuv/src04_640x480_hrc00.yuv yuv/src04_640x480_hrc18.yuv 0.4518 640 480 250
4 0 yuv/src05_640x480_hrc00.yuv yuv/src05_640x480_hrc06.yuv 0.9755 640 480 250
4 0 yuv/src05_640x480_hrc00.yuv yuv/src05_640x480_hrc14.yuv 0.8118 640 480 250
4 0 yuv/src05_640x480_hrc00.yuv yuv/src05_640x480_hrc15.yuv 0.3618 640 480 250
4 0 yuv/src05_640x480_hrc00.yuv yuv/src05_640x480_hrc17.yuv 0.5664 640 480 250
5 0 yuv/src06_640x480_hrc00.yuv yuv/src06_640x480_hrc03.yuv 0.8609 640 480 250
5 0 yuv/src06_640x480_hrc00.yuv yuv/src06_640x480_hrc08.yuv 0.5582 640 480 250
5 0 yuv/src06_640x480_hrc00.yuv yuv/src06_640x480_hrc15.yuv 0.1982 640 480 250
5 0 yuv/src06_640x480_hrc00.yuv yuv/src06_640x480_hrc18.yuv 0.3864 640 480 250
6 0 yuv/src07_640x480_hrc00.yuv yuv/src07_640x480_hrc06.yuv 0.7955 640 480 250
6 0 yuv/src07_640x480_hrc00.yuv yuv/src07_640x480_hrc08.yuv 0.6400 640 480 250
6 0 yuv/src07_640x480_hrc00.yuv yuv/src07_640x480_hrc18.yuv 0.3373 640 480 250
6 0 yuv/src07_640x480_hrc00.yuv yuv/src07_640x480_hrc19.yuv 0.1818 640 480 250
7 0 yuv/src08_640x480_hrc00.yuv yuv/src08_640x480_hrc03.yuv 0.9345 640 480 250
7 0 yuv/src08_640x480_hrc00.yuv yuv/src08_640x480_hrc15.yuv 0.3209 640 480 250
7 0 yuv/src08_640x480_hrc00.yuv yuv/src08_640x480_hrc17.yuv 0.4927 640 480 250
7 0 yuv/src08_640x480_hrc00.yuv yuv/src08_640x480_hrc20.yuv 0.7218 640 480 250
8 0 yuv/src09_640x480_hrc00.yuv yuv/src09_640x480_hrc01.yuv 1.0000 640 480 250
8 0 yuv/src09_640x480_hrc00.yuv yuv/src09_640x480_hrc08.yuv 0.8527 640 480 250
8 0 yuv/src09_640x480_hrc00.yuv yuv/src09_640x480_hrc15.yuv 0.2309 640 480 250
8 0 yuv/src09_640x480_hrc00.yuv yuv/src09_640x480_hrc18.yuv 0.5091 640 480 250
9 0 yuv/src10_640x480_hrc00.yuv yuv/src10_640x480_hrc01.yuv 0.9918 640 480 250
9 0 yuv/src10_640x480_hrc00.yuv yuv/src10_640x480_hrc13.yuv 0.4273 640 480 250
9 0 yuv/src10_640x480_hrc00.yuv yuv/src10_640x480_hrc14.yuv 0.6236 640 480 250
9 0 yuv/src10_640x480_hrc00.yuv yuv/src10_640x480_hrc19.yuv 0.1736 640 480 250
10 0 yuv/src11_640x480_hrc00.yuv yuv/src11_640x480_hrc02.yuv 0.9345 640 480 250
10 0 yuv/src11_640x480_hrc00.yuv yuv/src11_640x480_hrc05.yuv 0.4682 640 480 250
10 0 yuv/src11_640x480_hrc00.yuv yuv/src11_640x480_hrc10.yuv 0.3373 640 480 250
10 0 yuv/src11_640x480_hrc00.yuv yuv/src11_640x480_hrc20.yuv 0.5745 640 480 250
11 0 yuv/src12_640x480_hrc00.yuv yuv/src12_640x480_hrc01.yuv 0.9673 640 480 250
11 0 yuv/src12_640x480_hrc00.yuv yuv/src12_640x480_hrc13.yuv 0.3127 640 480 250
11 0 yuv/src12_640x480_hrc00.yuv yuv/src12_640x480_hrc16.yuv 0.5745 640 480 250
11 0 yuv/src12_640x480_hrc00.yuv yuv/src12_640x480_hrc19.yuv 0.2309 640 480 250
12 0 yuv/src13_640x480_hrc00.yuv yuv/src13_640x480_hrc01.yuv 0.9509 640 480 250
12 0 yuv/src13_640x480_hrc00.yuv yuv/src13_640x480_hrc07.yuv 0.5418 640 480 250
12 0 yuv/src13_640x480_hrc00.yuv yuv/src13_640x480_hrc17.yuv 0.4273 640 480 250
12 0 yuv/src13_640x480_hrc00.yuv yuv/src13_640x480_hrc19.yuv 0.3373 640 480 250
13 0 yuv/src14_640x480_hrc00.yuv yuv/src14_640x480_hrc06.yuv 0.9018 640 480 250
13 0 yuv/src14_640x480_hrc00.yuv yuv/src14_640x480_hrc08.yuv 0.7627 640 480 250
13 0 yuv/src14_640x480_hrc00.yuv yuv/src14_640x480_hrc09.yuv 0.5418 640 480 250
13 0 yuv/src14_640x480_hrc00.yuv yuv/src14_640x480_hrc19.yuv 0.4109 640 480 250
14 0 yuv/src15_640x480_hrc00.yuv yuv/src15_640x480_hrc06.yuv 0.9264 640 480 250
14 0 yuv/src15_640x480_hrc00.yuv yuv/src15_640x480_hrc13.yuv 0.4600 640 480 250
14 0 yuv/src15_640x480_hrc00.yuv yuv/src15_640x480_hrc14.yuv 0.7382 640 480 250
14 0 yuv/src15_640x480_hrc00.yuv yuv/src15_640x480_hrc15.yuv 0.3045 640 480 250
15 0 yuv/src16_640x480_hrc00.yuv yuv/src16_640x480_hrc06.yuv 0.8445 640 480 250
15 0 yuv/src16_640x480_hrc00.yuv yuv/src16_640x480_hrc18.yuv 0.4927 640 480 250
15 0 yuv/src16_640x480_hrc00.yuv yuv/src16_640x480_hrc19.yuv 0.1409 640 480 250
15 0 yuv/src16_640x480_hrc00.yuv yuv/src16_640x480_hrc20.yuv 0.5500 640 480 250
16 0 yuv/src17_640x480_hrc00.yuv yuv/src17_640x480_hrc03.yuv 0.8691 640 480 250
16 0 yuv/src17_640x480_hrc00.yuv yuv/src17_640x480_hrc05.yuv 0.3782 640 480 250
16 0 yuv/src17_640x480_hrc00.yuv yuv/src17_640x480_hrc10.yuv 0.2882 640 480 250
16 0 yuv/src17_640x480_hrc00.yuv yuv/src17_640x480_hrc16.yuv 0.6727 640 480 250
17 0 yuv/src18_640x480_hrc00.yuv yuv/src18_640x480_hrc06.yuv 0.9591 640 480 250
17 0 yuv/src18_640x480_hrc00.yuv yuv/src18_640x480_hrc10.yuv 0.3127 640 480 250
17 0 yuv/src18_640x480_hrc00.yuv yuv/src18_640x480_hrc14.yuv 0.7545 640 480 250
17 0 yuv/src18_640x480_hrc00.yuv yuv/src18_640x480_hrc18.yuv 0.6727 640 480 250
18 0 yuv/src19_640x480_hrc00.yuv yuv/src19_640x480_hrc06.yuv 0.8773 640 480 250
18 0 yuv/src19_640x480_hrc00.yuv yuv/src19_640x480_hrc08.yuv 0.6891 640 480 250
18 0 yuv/src19_640x480_hrc00.yuv yuv/src19_640x480_hrc09.yuv 0.4273 640 480 250
18 0 yuv/src19_640x480_hrc00.yuv yuv/src19_640x480_hrc19.yuv 0.2227 640 480 250
19 0 yuv/src20_640x480_hrc00.yuv yuv/src20_640x480_hrc01.yuv 0.9918 640 480 250
19 0 yuv/src20_640x480_hrc00.yuv yuv/src20_640x480_hrc05.yuv 0.2964 640 480 250
19 0 yuv/src20_640x480_hrc00.yuv yuv/src20_640x480_hrc08.yuv 0.6482 640 480 250
19 0 yuv/src20_640x480_hrc00.yuv yuv/src20_640x480_hrc10.yuv 0.1900 640 480 250
20 0 yuv/src21_640x480_hrc00.yuv yuv/src21_640x480_hrc01.yuv 0.9918 640 480 250
20 0 yuv/src21_640x480_hrc00.yuv yuv/src21_640x480_hrc11.yuv 0.5664 640 480 250
20 0 yuv/src21_640x480_hrc00.yuv yuv/src21_640x480_hrc13.yuv 0.3864 640 480 250
20 0 yuv/src21_640x480_hrc00.yuv yuv/src21_640x480_hrc19.yuv 0.2555 640 480 250
21 0 yuv/src22_640x480_hrc00.yuv yuv/src22_640x480_hrc02.yuv 0.9264 640 480 250
21 0 yuv/src22_640x480_hrc00.yuv yuv/src22_640x480_hrc05.yuv 0.4355 640 480 250
21 0 yuv/src22_640x480_hrc00.yuv yuv/src22_640x480_hrc08.yuv 0.7382 640 480 250
21 0 yuv/src22_640x480_hrc00.yuv yuv/src22_640x480_hrc15.yuv 0.2718 640 480 250
22 0 yuv/src23_640x480_hrc00.yuv yuv/src23_640x480_hrc02.yuv 0.7955 640 480 250
22 0 yuv/src23_640x480_hrc00.yuv yuv/src23_640x480_hrc07.yuv 0.5745 640 480 250
22 0 yuv/src23_640x480_hrc00.yuv yuv/src23_640x480_hrc17.yuv 0.3373 640 480 250
22 0 yuv/src23_640x480_hrc00.yuv yuv/src23_640x480_hrc19.yuv 0.2391 640 480 250
23 0 yuv/src24_640x480_hrc00.yuv yuv/src24_640x480_hrc06.yuv 0.8118 640 480 250
23 0 yuv/src24_640x480_hrc00.yuv yuv/src24_640x480_hrc07.yuv 0.6645 640 480 250
23 0 yuv/src24_640x480_hrc00.yuv yuv/src24_640x480_hrc15.yuv 0.2473 640 480 250
23 0 yuv/src24_640x480_hrc00.yuv yuv/src24_640x480_hrc17.yuv 0.3045 640 480 250
24 0 yuv/src25_640x480_hrc00.yuv yuv/src25_640x480_hrc03.yuv 0.8364 640 480 250
24 0 yuv/src25_640x480_hrc00.yuv yuv/src25_640x480_hrc10.yuv 0.3455 640 480 250
24 0 yuv/src25_640x480_hrc00.yuv yuv/src25_640x480_hrc18.yuv 0.5418 640 480 250
24 0 yuv/src25_640x480_hrc00.yuv yuv/src25_640x480_hrc20.yuv 0.5745 640 480 250
25 0 yuv/src26_640x480_hrc00.yuv yuv/src26_640x480_hrc03.yuv 0.8282 640 480 250
25 0 yuv/src26_640x480_hrc00.yuv yuv/src26_640x480_hrc08.yuv 0.5827 640 480 250
25 0 yuv/src26_640x480_hrc00.yuv yuv/src26_640x480_hrc12.yuv 0.1573 640 480 250
25 0 yuv/src26_640x480_hrc00.yuv yuv/src26_640x480_hrc17.yuv 0.2473 640 480 250
26 0 yuv/src27_640x480_hrc00.yuv yuv/src27_640x480_hrc02.yuv 0.7873 640 480 250
26 0 yuv/src27_640x480_hrc00.yuv yuv/src27_640x480_hrc09.yuv 0.2882 640 480 250
26 0 yuv/src27_640x480_hrc00.yuv yuv/src27_640x480_hrc15.yuv 0.1982 640 480 250
26 0 yuv/src27_640x480_hrc00.yuv yuv/src27_640x480_hrc20.yuv 0.4927 640 480 250
27 0 yuv/src28_640x480_hrc00.yuv yuv/src28_640x480_hrc05.yuv 0.3045 640 480 250
27 0 yuv/src28_640x480_hrc00.yuv yuv/src28_640x480_hrc06.yuv 0.7873 640 480 250
27 0 yuv/src28_640x480_hrc00.yuv yuv/src28_640x480_hrc07.yuv 0.6318 640 480 250
27 0 yuv/src28_640x480_hrc00.yuv yuv/src28_640x480_hrc12.yuv 0.2309 640 480 250
28 0 yuv/src29_640x480_hrc00.yuv yuv/src29_640x480_hrc05.yuv 0.2964 640 480 250
28 0 yuv/src29_640x480_hrc00.yuv yuv/src29_640x480_hrc06.yuv 0.8691 640 480 250
28 0 yuv/src29_640x480_hrc00.yuv yuv/src29_640x480_hrc07.yuv 0.7464 640 480 250
28 0 yuv/src29_640x480_hrc00.yuv yuv/src29_640x480_hrc15.yuv 0.2064 640 480 250
29 0 yuv/src30_640x480_hrc00.yuv yuv/src30_640x480_hrc02.yuv 0.9100 640 480 250
29 0 yuv/src30_640x480_hrc00.yuv yuv/src30_640x480_hrc05.yuv 0.3455 640 480 250
29 0 yuv/src30_640x480_hrc00.yuv yuv/src30_640x480_hrc15.yuv 0.1736 640 480 250
29 0 yuv/src30_640x480_hrc00.yuv yuv/src30_640x480_hrc16.yuv 0.6973 640 480 250
30 0 yuv/src31_640x480_hrc00.yuv yuv/src31_640x480_hrc03.yuv 0.7955 640 480 250
30 0 yuv/src31_640x480_hrc00.yuv yuv/src31_640x480_hrc07.yuv 0.6482 640 480 250
30 0 yuv/src31_640x480_hrc00.yuv yuv/src31_640x480_hrc13.yuv 0.3291 640 480 250
30 0 yuv/src31_640x480_hrc00.yuv yuv/src31_640x480_hrc19.yuv 0.2145 640 480 250
31 0 yuv/src32_640x480_hrc00.yuv yuv/src32_640x480_hrc06.yuv 0.9100 640 480 250
31 0 yuv/src32_640x480_hrc00.yuv yuv/src32_640x480_hrc15.yuv 0.3373 640 480 250
31 0 yuv/src32_640x480_hrc00.yuv yuv/src32_640x480_hrc17.yuv 0.3945 640 480 250
31 0 yuv/src32_640x480_hrc00.yuv yuv/src32_640x480_hrc20.yuv 0.6073 640 480 250
32 0 yuv/src33_640x480_hrc00.yuv yuv/src33_640x480_hrc02.yuv 0.9427 640 480 250
32 0 yuv/src33_640x480_hrc00.yuv yuv/src33_640x480_hrc07.yuv 0.7545 640 480 250
32 0 yuv/src33_640x480_hrc00.yuv yuv/src33_640x480_hrc10.yuv 0.2227 640 480 250
32 0 yuv/src33_640x480_hrc00.yuv yuv/src33_640x480_hrc13.yuv 0.3536 640 480 250
33 0 yuv/src34_640x480_hrc00.yuv yuv/src34_640x480_hrc04.yuv 0.5091 640 480 250
33 0 yuv/src34_640x480_hrc00.yuv yuv/src34_640x480_hrc06.yuv 0.7136 640 480 250
33 0 yuv/src34_640x480_hrc00.yuv yuv/src34_640x480_hrc09.yuv 0.2555 640 480 250
33 0 yuv/src34_640x480_hrc00.yuv yuv/src34_640x480_hrc12.yuv 0.1000 640 480 250
34 0 yuv/src35_640x480_hrc00.yuv yuv/src35_640x480_hrc02.yuv 0.8527 640 480 250
34 0 yuv/src35_640x480_hrc00.yuv yuv/src35_640x480_hrc07.yuv 0.6236 640 480 250
34 0 yuv/src35_640x480_hrc00.yuv yuv/src35_640x480_hrc13.yuv 0.4518 640 480 250
34 0 yuv/src35_640x480_hrc00.yuv yuv/src35_640x480_hrc15.yuv 0.3209 640 480 250
35 0 yuv/src36_640x480_hrc00.yuv yuv/src36_640x480_hrc05.yuv 0.3618 640 480 250
35 0 yuv/src36_640x480_hrc00.yuv yuv/src36_640x480_hrc12.yuv 0.2064 640 480 250
35 0 yuv/src36_640x480_hrc00.yuv yuv/src36_640x480_hrc13.yuv 0.4355 640 480 250
35 0 yuv/src36_640x480_hrc00.yuv yuv/src36_640x480_hrc20.yuv 0.5909 640 480 250
36 0 yuv/src37_640x480_hrc00.yuv yuv/src37_640x480_hrc01.yuv 1.0000 640 480 250
36 0 yuv/src37_640x480_hrc00.yuv yuv/src37_640x480_hrc08.yuv 0.6727 640 480 250
36 0 yuv/src37_640x480_hrc00.yuv yuv/src37_640x480_hrc10.yuv 0.2391 640 480 250
36 0 yuv/src37_640x480_hrc00.yuv yuv/src37_640x480_hrc17.yuv 0.3864 640 480 250
37 0 yuv/src38_640x480_hrc00.yuv yuv/src38_640x480_hrc03.yuv 0.8855 640 480 250
37 0 yuv/src38_640x480_hrc00.yuv yuv/src38_640x480_hrc08.yuv 0.6727 640 480 250
37 0 yuv/src38_640x480_hrc00.yuv yuv/src38_640x480_hrc10.yuv 0.1982 640 480 250
37 0 yuv/src38_640x480_hrc00.yuv yuv/src38_640x480_hrc13.yuv 0.3209 640 480 250
38 0 yuv/src39_640x480_hrc00.yuv yuv/src39_640x480_hrc01.yuv 0.9755 640 480 250
38 0 yuv/src39_640x480_hrc00.yuv yuv/src39_640x480_hrc14.yuv 0.6482 640 480 250
38 0 yuv/src39_640x480_hrc00.yuv yuv/src39_640x480_hrc15.yuv 0.3373 640 480 250
38 0 yuv/src39_640x480_hrc00.yuv yuv/src39_640x480_hrc18.yuv 0.5173 640 480 250
39 0 yuv/src40_640x480_hrc00.yuv yuv/src40_640x480_hrc06.yuv 0.6973 640 480 250
39 0 yuv/src40_640x480_hrc00.yuv yuv/src40_640x480_hrc08.yuv 0.4355 640 480 250
39 0 yuv/src40_640x480_hrc00.yuv yuv/src40_640x480_hrc09.yuv 0.2636 640 480 250
39 0 yuv/src40_640x480_hrc00.yuv yuv/src40_640x480_hrc12.yuv 0.2227 640 480 250
40 0 yuv/src41_640x480_hrc00.yuv yuv/src41_640x480_hrc03.yuv 0.8936 640 480 250
40 0 yuv/src41_640x480_hrc00.yuv yuv/src41_640x480_hrc18.yuv 0.4436 640 480 250
40 0 yuv/src41_640x480_hrc00.yuv yuv/src41_640x480_hrc19.yuv 0.2064 640 480 250
40 0 yuv/src41_640x480_hrc00.yuv yuv/src41_640x480_hrc20.yuv 0.5500 640 480 250
41 0 yuv/src42_640x480_hrc00.yuv yuv/src42_640x480_hrc06.yuv 0.7136 640 480 250
41 0 yuv/src42_640x480_hrc00.yuv yuv/src42_640x480_hrc15.yuv 0.1736 640 480 250
41 0 yuv/src42_640x480_hrc00.yuv yuv/src42_640x480_hrc17.yuv 0.2718 640 480 250
41 0 yuv/src42_640x480_hrc00.yuv yuv/src42_640x480_hrc20.yuv 0.5582 640 480 250
42 0 yuv/src43_640x480_hrc00.yuv yuv/src43_640x480_hrc03.yuv 0.7464 640 480 250
42 0 yuv/src43_640x480_hrc00.yuv yuv/src43_640x480_hrc05.yuv 0.2227 640 480 250
42 0 yuv/src43_640x480_hrc00.yuv yuv/src43_640x480_hrc15.yuv 0.1900 640 480 250
42 0 yuv/src43_640x480_hrc00.yuv yuv/src43_640x480_hrc20.yuv 0.3618 640 480 250
43 0 yuv/src44_640x480_hrc00.yuv yuv/src44_640x480_hrc06.yuv 0.7627 640 480 250
43 0 yuv/src44_640x480_hrc00.yuv yuv/src44_640x480_hrc09.yuv 0.3209 640 480 250
43 0 yuv/src44_640x480_hrc00.yuv yuv/src44_640x480_hrc10.yuv 0.1900 640 480 250
43 0 yuv/src44_640x480_hrc00.yuv yuv/src44_640x480_hrc14.yuv 0.5664 640 480 250
44 0 yuv/src45_640x480_hrc00.yuv yuv/src45_640x480_hrc01.yuv 0.9591 640 480 250
44 0 yuv/src45_640x480_hrc00.yuv yuv/src45_640x480_hrc09.yuv 0.2473 640 480 250
44 0 yuv/src45_640x480_hrc00.yuv yuv/src45_640x480_hrc10.yuv 0.1327 640 480 250
44 0 yuv/src45_640x480_hrc00.yuv yuv/src45_640x480_hrc16.yuv 0.5336 640 480 250
45 0 yuv/src46_640x480_hrc00.yuv yuv/src46_640x480_hrc03.yuv 0.7382 640 480 250
45 0 yuv/src46_640x480_hrc00.yuv yuv/src46_640x480_hrc04.yuv 0.5827 640 480 250
45 0 yuv/src46_640x480_hrc00.yuv yuv/src46_640x480_hrc09.yuv 0.3209 640 480 250
45 0 yuv/src46_640x480_hrc00.yuv yuv/src46_640x480_hrc10.yuv 0.1736 640 480 250
46 0 yuv/src47_640x480_hrc00.yuv yuv/src47_640x480_hrc02.yuv 0.7873 640 480 250
46 0 yuv/src47_640x480_hrc00.yuv yuv/src47_640x480_hrc04.yuv 0.4845 640 480 250
46 0 yuv/src47_640x480_hrc00.yuv yuv/src47_640x480_hrc05.yuv 0.3045 640 480 250
46 0 yuv/src47_640x480_hrc00.yuv yuv/src47_640x480_hrc15.yuv 0.3045 640 480 250
47 0 yuv/src48_640x480_hrc00.yuv yuv/src48_640x480_hrc03.yuv 0.9182 640 480 250
47 0 yuv/src48_640x480_hrc00.yuv yuv/src48_640x480_hrc10.yuv 0.3045 640 480 250
47 0 yuv/src48_640x480_hrc00.yuv yuv/src48_640x480_hrc11.yuv 0.6482 640 480 250
47 0 yuv/src48_640x480_hrc00.yuv yuv/src48_640x480_hrc18.yuv 0.6645 640 480 250
48 0 yuv/src49_640x480_hrc00.yuv yuv/src49_640x480_hrc04.yuv 0.5909 640 480 250
48 0 yuv/src49_640x480_hrc00.yuv yuv/src49_640x480_hrc06.yuv 0.8445 640 480 250
48 0 yuv/src49_640x480_hrc00.yuv yuv/src49_640x480_hrc09.yuv 0.2718 640 480 250
48 0 yuv/src49_640x480_hrc00.yuv yuv/src49_640x480_hrc12.yuv 0.1327 640 480 250
49 0 yuv/src50_640x480_hrc00.yuv yuv/src50_640x480_hrc03.yuv 0.7709 640 480 250
49 0 yuv/src50_640x480_hrc00.yuv yuv/src50_640x480_hrc07.yuv 0.6155 640 480 250
49 0 yuv/src50_640x480_hrc00.yuv yuv/src50_640x480_hrc10.yuv 0.1327 640 480 250
49 0 yuv/src50_640x480_hrc00.yuv yuv/src50_640x480_hrc13.yuv 0.2473 640 480 250
50 0 yuv/src51_640x480_hrc00.yuv yuv/src51_640x480_hrc04.yuv 0.5909 640 480 250
50 0 yuv/src51_640x480_hrc00.yuv yuv/src51_640x480_hrc06.yuv 0.8036 640 480 250
50 0 yuv/src51_640x480_hrc00.yuv yuv/src51_640x480_hrc10.yuv 0.1736 640 480 250
50 0 yuv/src51_640x480_hrc00.yuv yuv/src51_640x480_hrc13.yuv 0.2636 640 480 250
51 0 yuv/src52_640x480_hrc00.yuv yuv/src52_640x480_hrc02.yuv 0.8855 640 480 250
51 0 yuv/src52_640x480_hrc00.yuv yuv/src52_640x480_hrc15.yuv 0.2064 640 480 250
51 0 yuv/src52_640x480_hrc00.yuv yuv/src52_640x480_hrc16.yuv 0.6482 640 480 250
51 0 yuv/src52_640x480_hrc00.yuv yuv/src52_640x480_hrc18.yuv 0.4764 640 480 250
52 0 yuv/src53_640x480_hrc00.yuv yuv/src53_640x480_hrc02.yuv 0.8936 640 480 250
52 0 yuv/src53_640x480_hrc00.yuv yuv/src53_640x480_hrc04.yuv 0.6645 640 480 250
52 0 yuv/src53_640x480_hrc00.yuv yuv/src53_640x480_hrc05.yuv 0.4436 640 480 250
52 0 yuv/src53_640x480_hrc00.yuv yuv/src53_640x480_hrc12.yuv 0.3209 640 480 250
53 0 yuv/src54_640x480_hrc00.yuv yuv/src54_640x480_hrc02.yuv 0.8609 640 480 250
53 0 yuv/src54_640x480_hrc00.yuv yuv/src54_640x480_hrc11.yuv 0.5418 640 480 250
53 0 yuv/src54_640x480_hrc00.yuv yuv/src54_640x480_hrc15.yuv 0.1736 640 480 250
53 0 yuv/src54_640x480_hrc00.yuv yuv/src54_640x480_hrc17.yuv 0.2555 640 480 250
54 0 yuv/src55_640x480_hrc00.yuv yuv/src55_640x480_hrc03.yuv 0.7382 640 480 250
54 0 yuv/src55_640x480_hrc00.yuv yuv/src55_640x480_hrc07.yuv 0.6400 640 480 250
54 0 yuv/src55_640x480_hrc00.yuv yuv/src55_640x480_hrc18.yuv 0.4027 640 480 250
54 0 yuv/src55_640x480_hrc00.yuv yuv/src55_640x480_hrc19.yuv 0.2064 640 480 250
55 0 yuv/src56_640x480_hrc00.yuv yuv/src56_640x480_hrc04.yuv 0.6645 640 480 250
55 0 yuv/src56_640x480_hrc00.yuv yuv/src56_640x480_hrc05.yuv 0.5173 640 480 250
55 0 yuv/src56_640x480_hrc00.yuv yuv/src56_640x480_hrc06.yuv 0.9018 640 480 250
55 0 yuv/src56_640x480_hrc00.yuv yuv/src56_640x480_hrc12.yuv 0.4436 640 480 250
56 0 yuv/src57_640x480_hrc00.yuv yuv/src57_640x480_hrc01.yuv 0.9755 640 480 250
56 0 yuv/src57_640x480_hrc00.yuv yuv/src57_640x480_hrc14.yuv 0.3945 640 480 250
56 0 yuv/src57_640x480_hrc00.yuv yuv/src57_640x480_hrc17.yuv 0.2227 640 480 250
56 0 yuv/src57_640x480_hrc00.yuv yuv/src57_640x480_hrc19.yuv 0.2064 640 480 250
57 0 yuv/src58_640x480_hrc00.yuv yuv/src58_640x480_hrc01.yuv 0.9591 640 480 250
57 0 yuv/src58_640x480_hrc00.yuv yuv/src58_640x480_hrc12.yuv 0.1982 640 480 250
57 0 yuv/src58_640x480_hrc00.yuv yuv/src58_640x480_hrc16.yuv 0.6645 640 480 250
57 0 yuv/src58_640x480_hrc00.yuv yuv/src58_640x480_hrc18.yuv 0.3864 640 480 250
58 0 yuv/src59_640x480_hrc00.yuv yuv/src59_640x480_hrc06.yuv 0.7873 640 480 250
58 0 yuv/src59_640x480_hrc00.yuv yuv/src59_640x480_hrc11.yuv 0.5418 640 480 250
58 0 yuv/src59_640x480_hrc00.yuv yuv/src59_640x480_hrc13.yuv 0.3455 640 480 250
58 0 yuv/src59_640x480_hrc00.yuv yuv/src59_640x480_hrc15.yuv 0.1818 640 480 250
59 0 yuv/src60_640x480_hrc00.yuv yuv/src60_640x480_hrc03.yuv 0.6973 640 480 250
59 0 yuv/src60_640x480_hrc00.yuv yuv/src60_640x480_hrc05.yuv 0.1900 640 480 250
59 0 yuv/src60_640x480_hrc00.yuv yuv/src60_640x480_hrc14.yuv 0.4273 640 480 250
59 0 yuv/src60_640x480_hrc00.yuv yuv/src60_640x480_hrc15.yuv 0.1327 640 480 250
